{
 "cells": [
  {
   "cell_type": "code",
   "execution_count": 1,
   "id": "e1c4dc75-8006-4aec-b78d-e07a8eb119db",
   "metadata": {},
   "outputs": [],
   "source": [
    "import numpy as np\n",
    "import pandas as pd\n",
    "\n",
    "from sklearn.preprocessing import OneHotEncoder\n",
    "import category_encoders as ce\n",
    "\n",
    "import seaborn as sns\n",
    "import matplotlib.pyplot as plt"
   ]
  },
  {
   "cell_type": "code",
   "execution_count": 2,
   "id": "ebd688bb-1a28-4599-b021-aa990c587c16",
   "metadata": {},
   "outputs": [],
   "source": [
    "train = pd.read_csv('train.csv')"
   ]
  },
  {
   "cell_type": "code",
   "execution_count": 3,
   "id": "b141ee58-21b7-4fab-b5d3-eaf8800868aa",
   "metadata": {},
   "outputs": [],
   "source": [
    "def categoricalToNumerical(dataset):\n",
    "\n",
    "    dataset['flat_type'].replace('-', ' ', inplace = True, regex=True)\n",
    "    dataset['month'] = ((pd.to_datetime(\"today\") - pd.to_datetime(dataset['month']))/np.timedelta64(1, 'M')).astype(int)\n",
    "    dataset['lease_commence_date'] = pd.to_datetime(\"today\").year - dataset['lease_commence_date']\n",
    "    \n",
    "    tenc=ce.TargetEncoder()                     \n",
    "    planning_area_target = tenc.fit_transform(dataset['planning_area'],dataset['resale_price'])\n",
    "    dataset = planning_area_target.join(dataset.drop('planning_area',axis = 1))\n",
    "    \n",
    "    region_target = tenc.fit_transform(dataset['region'],dataset['resale_price'])\n",
    "    dataset = region_target.join(dataset.drop('region',axis = 1))\n",
    "    \n",
    "    town_target = tenc.fit_transform(dataset['town'],dataset['resale_price'])\n",
    "    dataset = town_target.join(dataset.drop('town',axis = 1))\n",
    "                                       \n",
    "    subzone_target = tenc.fit_transform(dataset['subzone'],dataset['resale_price'])\n",
    "    dataset = subzone_target.join(dataset.drop('subzone',axis = 1))\n",
    "    \n",
    "    street_name_target = tenc.fit_transform(dataset['street_name'],dataset['resale_price'])\n",
    "    dataset = street_name_target.join(dataset.drop('street_name',axis = 1))\n",
    "    \n",
    "    storey_range_target = tenc.fit_transform(dataset['storey_range'],dataset['resale_price'])\n",
    "    dataset = storey_range_target.join(dataset.drop('storey_range',axis = 1))\n",
    "    \n",
    "    flat_model_target = tenc.fit_transform(dataset['flat_model'],dataset['resale_price'])\n",
    "    dataset = flat_model_target.join(dataset.drop('flat_model',axis = 1))\n",
    "    \n",
    "    flat_type_target = tenc.fit_transform(dataset['flat_type'],dataset['resale_price'])\n",
    "    dataset = flat_type_target.join(dataset.drop('flat_type',axis = 1))\n",
    "\n",
    "    block_target = tenc.fit_transform(dataset['block'],dataset['resale_price'])\n",
    "    dataset = block_target.join(dataset.drop('block',axis = 1))\n",
    "    \n",
    "    eco_category_target = tenc.fit_transform(dataset['eco_category'],dataset['resale_price'])\n",
    "    dataset = eco_category_target.join(dataset.drop('eco_category',axis = 1))\n",
    "    \n",
    "    return dataset\n",
    "\n",
    "train = categoricalToNumerical(train)"
   ]
  },
  {
   "cell_type": "code",
   "execution_count": 5,
   "id": "bcac4bb5-ef79-4b07-9b05-563a535aee01",
   "metadata": {},
   "outputs": [
    {
     "data": {
      "text/html": [
       "<div>\n",
       "<style scoped>\n",
       "    .dataframe tbody tr th:only-of-type {\n",
       "        vertical-align: middle;\n",
       "    }\n",
       "\n",
       "    .dataframe tbody tr th {\n",
       "        vertical-align: top;\n",
       "    }\n",
       "\n",
       "    .dataframe thead th {\n",
       "        text-align: right;\n",
       "    }\n",
       "</style>\n",
       "<table border=\"1\" class=\"dataframe\">\n",
       "  <thead>\n",
       "    <tr style=\"text-align: right;\">\n",
       "      <th></th>\n",
       "      <th>eco_category</th>\n",
       "      <th>block</th>\n",
       "      <th>flat_type</th>\n",
       "      <th>flat_model</th>\n",
       "      <th>storey_range</th>\n",
       "      <th>street_name</th>\n",
       "      <th>subzone</th>\n",
       "      <th>town</th>\n",
       "      <th>region</th>\n",
       "      <th>planning_area</th>\n",
       "      <th>month</th>\n",
       "      <th>floor_area_sqm</th>\n",
       "      <th>lease_commence_date</th>\n",
       "      <th>latitude</th>\n",
       "      <th>longitude</th>\n",
       "      <th>elevation</th>\n",
       "      <th>resale_price</th>\n",
       "    </tr>\n",
       "  </thead>\n",
       "  <tbody>\n",
       "    <tr>\n",
       "      <th>0</th>\n",
       "      <td>301819.588443</td>\n",
       "      <td>251830.098165</td>\n",
       "      <td>297586.688369</td>\n",
       "      <td>296567.768441</td>\n",
       "      <td>277884.021822</td>\n",
       "      <td>335096.017105</td>\n",
       "      <td>341040.552513</td>\n",
       "      <td>355607.204429</td>\n",
       "      <td>310452.339983</td>\n",
       "      <td>356939.169153</td>\n",
       "      <td>260</td>\n",
       "      <td>118.0</td>\n",
       "      <td>34</td>\n",
       "      <td>1.369008</td>\n",
       "      <td>103.958697</td>\n",
       "      <td>0.0</td>\n",
       "      <td>209700.0</td>\n",
       "    </tr>\n",
       "    <tr>\n",
       "      <th>1</th>\n",
       "      <td>301819.588443</td>\n",
       "      <td>395438.935183</td>\n",
       "      <td>381620.322780</td>\n",
       "      <td>316907.730293</td>\n",
       "      <td>299298.260782</td>\n",
       "      <td>389482.209813</td>\n",
       "      <td>377687.332519</td>\n",
       "      <td>396370.197932</td>\n",
       "      <td>316400.744309</td>\n",
       "      <td>396370.197932</td>\n",
       "      <td>102</td>\n",
       "      <td>110.0</td>\n",
       "      <td>20</td>\n",
       "      <td>1.399007</td>\n",
       "      <td>103.906991</td>\n",
       "      <td>0.0</td>\n",
       "      <td>402300.0</td>\n",
       "    </tr>\n",
       "    <tr>\n",
       "      <th>2</th>\n",
       "      <td>301819.588443</td>\n",
       "      <td>362593.256834</td>\n",
       "      <td>381620.322780</td>\n",
       "      <td>371640.199919</td>\n",
       "      <td>277884.021822</td>\n",
       "      <td>377199.711906</td>\n",
       "      <td>381799.501001</td>\n",
       "      <td>363989.419778</td>\n",
       "      <td>316400.744309</td>\n",
       "      <td>363989.419778</td>\n",
       "      <td>31</td>\n",
       "      <td>112.0</td>\n",
       "      <td>19</td>\n",
       "      <td>1.388348</td>\n",
       "      <td>103.873815</td>\n",
       "      <td>0.0</td>\n",
       "      <td>351000.0</td>\n",
       "    </tr>\n",
       "    <tr>\n",
       "      <th>3</th>\n",
       "      <td>301819.588443</td>\n",
       "      <td>269228.996869</td>\n",
       "      <td>209623.240506</td>\n",
       "      <td>228834.110584</td>\n",
       "      <td>290671.595267</td>\n",
       "      <td>266043.973770</td>\n",
       "      <td>283592.498038</td>\n",
       "      <td>288492.646723</td>\n",
       "      <td>285535.692084</td>\n",
       "      <td>288492.646723</td>\n",
       "      <td>270</td>\n",
       "      <td>67.0</td>\n",
       "      <td>43</td>\n",
       "      <td>1.318493</td>\n",
       "      <td>103.766702</td>\n",
       "      <td>0.0</td>\n",
       "      <td>151200.0</td>\n",
       "    </tr>\n",
       "    <tr>\n",
       "      <th>4</th>\n",
       "      <td>301819.588443</td>\n",
       "      <td>301060.642762</td>\n",
       "      <td>209623.240506</td>\n",
       "      <td>296567.768441</td>\n",
       "      <td>290671.595267</td>\n",
       "      <td>279405.665439</td>\n",
       "      <td>259677.269347</td>\n",
       "      <td>267844.134266</td>\n",
       "      <td>285535.692084</td>\n",
       "      <td>267844.134266</td>\n",
       "      <td>123</td>\n",
       "      <td>73.0</td>\n",
       "      <td>38</td>\n",
       "      <td>1.348149</td>\n",
       "      <td>103.742658</td>\n",
       "      <td>0.0</td>\n",
       "      <td>318600.0</td>\n",
       "    </tr>\n",
       "  </tbody>\n",
       "</table>\n",
       "</div>"
      ],
      "text/plain": [
       "    eco_category          block      flat_type     flat_model   storey_range  \\\n",
       "0  301819.588443  251830.098165  297586.688369  296567.768441  277884.021822   \n",
       "1  301819.588443  395438.935183  381620.322780  316907.730293  299298.260782   \n",
       "2  301819.588443  362593.256834  381620.322780  371640.199919  277884.021822   \n",
       "3  301819.588443  269228.996869  209623.240506  228834.110584  290671.595267   \n",
       "4  301819.588443  301060.642762  209623.240506  296567.768441  290671.595267   \n",
       "\n",
       "     street_name        subzone           town         region  planning_area  \\\n",
       "0  335096.017105  341040.552513  355607.204429  310452.339983  356939.169153   \n",
       "1  389482.209813  377687.332519  396370.197932  316400.744309  396370.197932   \n",
       "2  377199.711906  381799.501001  363989.419778  316400.744309  363989.419778   \n",
       "3  266043.973770  283592.498038  288492.646723  285535.692084  288492.646723   \n",
       "4  279405.665439  259677.269347  267844.134266  285535.692084  267844.134266   \n",
       "\n",
       "   month  floor_area_sqm  lease_commence_date  latitude   longitude  \\\n",
       "0    260           118.0                   34  1.369008  103.958697   \n",
       "1    102           110.0                   20  1.399007  103.906991   \n",
       "2     31           112.0                   19  1.388348  103.873815   \n",
       "3    270            67.0                   43  1.318493  103.766702   \n",
       "4    123            73.0                   38  1.348149  103.742658   \n",
       "\n",
       "   elevation  resale_price  \n",
       "0        0.0      209700.0  \n",
       "1        0.0      402300.0  \n",
       "2        0.0      351000.0  \n",
       "3        0.0      151200.0  \n",
       "4        0.0      318600.0  "
      ]
     },
     "execution_count": 5,
     "metadata": {},
     "output_type": "execute_result"
    }
   ],
   "source": [
    "train.head()"
   ]
  },
  {
   "cell_type": "code",
   "execution_count": 6,
   "id": "5c956231-8e81-47a7-9140-a23d452f83d1",
   "metadata": {},
   "outputs": [],
   "source": [
    "train_loc = train[['region', 'town','planning_area','subzone','street_name','resale_price']]"
   ]
  },
  {
   "cell_type": "code",
   "execution_count": 7,
   "id": "8e5cd7ce-eece-4176-8043-ffebff73121a",
   "metadata": {},
   "outputs": [],
   "source": [
    "train_all = train[['region', 'town','planning_area','subzone',\n",
    "                   'street_name','block','flat_model','storey_range','flat_type',\n",
    "                   'month','floor_area_sqm','lease_commence_date',\n",
    "                   'latitude','longitude', 'eco_category', 'elevation',\n",
    "                   'resale_price']]"
   ]
  },
  {
   "cell_type": "code",
   "execution_count": 8,
   "id": "a9f73e07-0fdb-47f5-8b38-3e8691a35cb9",
   "metadata": {},
   "outputs": [
    {
     "data": {
      "text/html": [
       "<div>\n",
       "<style scoped>\n",
       "    .dataframe tbody tr th:only-of-type {\n",
       "        vertical-align: middle;\n",
       "    }\n",
       "\n",
       "    .dataframe tbody tr th {\n",
       "        vertical-align: top;\n",
       "    }\n",
       "\n",
       "    .dataframe thead th {\n",
       "        text-align: right;\n",
       "    }\n",
       "</style>\n",
       "<table border=\"1\" class=\"dataframe\">\n",
       "  <thead>\n",
       "    <tr style=\"text-align: right;\">\n",
       "      <th></th>\n",
       "      <th>region</th>\n",
       "      <th>town</th>\n",
       "      <th>planning_area</th>\n",
       "      <th>subzone</th>\n",
       "      <th>street_name</th>\n",
       "      <th>resale_price</th>\n",
       "    </tr>\n",
       "  </thead>\n",
       "  <tbody>\n",
       "    <tr>\n",
       "      <th>region</th>\n",
       "      <td>1.000000</td>\n",
       "      <td>0.554999</td>\n",
       "      <td>0.553848</td>\n",
       "      <td>0.356408</td>\n",
       "      <td>0.284977</td>\n",
       "      <td>0.158748</td>\n",
       "    </tr>\n",
       "    <tr>\n",
       "      <th>town</th>\n",
       "      <td>0.554999</td>\n",
       "      <td>1.000000</td>\n",
       "      <td>0.983094</td>\n",
       "      <td>0.641208</td>\n",
       "      <td>0.515306</td>\n",
       "      <td>0.285563</td>\n",
       "    </tr>\n",
       "    <tr>\n",
       "      <th>planning_area</th>\n",
       "      <td>0.553848</td>\n",
       "      <td>0.983094</td>\n",
       "      <td>1.000000</td>\n",
       "      <td>0.643517</td>\n",
       "      <td>0.518091</td>\n",
       "      <td>0.286629</td>\n",
       "    </tr>\n",
       "    <tr>\n",
       "      <th>subzone</th>\n",
       "      <td>0.356408</td>\n",
       "      <td>0.641208</td>\n",
       "      <td>0.643517</td>\n",
       "      <td>1.000000</td>\n",
       "      <td>0.766017</td>\n",
       "      <td>0.445380</td>\n",
       "    </tr>\n",
       "    <tr>\n",
       "      <th>street_name</th>\n",
       "      <td>0.284977</td>\n",
       "      <td>0.515306</td>\n",
       "      <td>0.518091</td>\n",
       "      <td>0.766017</td>\n",
       "      <td>1.000000</td>\n",
       "      <td>0.556127</td>\n",
       "    </tr>\n",
       "    <tr>\n",
       "      <th>resale_price</th>\n",
       "      <td>0.158748</td>\n",
       "      <td>0.285563</td>\n",
       "      <td>0.286629</td>\n",
       "      <td>0.445380</td>\n",
       "      <td>0.556127</td>\n",
       "      <td>1.000000</td>\n",
       "    </tr>\n",
       "  </tbody>\n",
       "</table>\n",
       "</div>"
      ],
      "text/plain": [
       "                 region      town  planning_area   subzone  street_name  \\\n",
       "region         1.000000  0.554999       0.553848  0.356408     0.284977   \n",
       "town           0.554999  1.000000       0.983094  0.641208     0.515306   \n",
       "planning_area  0.553848  0.983094       1.000000  0.643517     0.518091   \n",
       "subzone        0.356408  0.641208       0.643517  1.000000     0.766017   \n",
       "street_name    0.284977  0.515306       0.518091  0.766017     1.000000   \n",
       "resale_price   0.158748  0.285563       0.286629  0.445380     0.556127   \n",
       "\n",
       "               resale_price  \n",
       "region             0.158748  \n",
       "town               0.285563  \n",
       "planning_area      0.286629  \n",
       "subzone            0.445380  \n",
       "street_name        0.556127  \n",
       "resale_price       1.000000  "
      ]
     },
     "execution_count": 8,
     "metadata": {},
     "output_type": "execute_result"
    }
   ],
   "source": [
    "train_loc.corr()"
   ]
  },
  {
   "cell_type": "code",
   "execution_count": 9,
   "id": "17bb659c-4a5a-4318-a72b-6db072726adb",
   "metadata": {},
   "outputs": [
    {
     "data": {
      "text/html": [
       "<div>\n",
       "<style scoped>\n",
       "    .dataframe tbody tr th:only-of-type {\n",
       "        vertical-align: middle;\n",
       "    }\n",
       "\n",
       "    .dataframe tbody tr th {\n",
       "        vertical-align: top;\n",
       "    }\n",
       "\n",
       "    .dataframe thead th {\n",
       "        text-align: right;\n",
       "    }\n",
       "</style>\n",
       "<table border=\"1\" class=\"dataframe\">\n",
       "  <thead>\n",
       "    <tr style=\"text-align: right;\">\n",
       "      <th></th>\n",
       "      <th>region</th>\n",
       "      <th>town</th>\n",
       "      <th>planning_area</th>\n",
       "      <th>subzone</th>\n",
       "      <th>street_name</th>\n",
       "      <th>block</th>\n",
       "      <th>flat_model</th>\n",
       "      <th>storey_range</th>\n",
       "      <th>flat_type</th>\n",
       "      <th>month</th>\n",
       "      <th>floor_area_sqm</th>\n",
       "      <th>lease_commence_date</th>\n",
       "      <th>latitude</th>\n",
       "      <th>longitude</th>\n",
       "      <th>eco_category</th>\n",
       "      <th>elevation</th>\n",
       "      <th>resale_price</th>\n",
       "    </tr>\n",
       "  </thead>\n",
       "  <tbody>\n",
       "    <tr>\n",
       "      <th>region</th>\n",
       "      <td>1.000000</td>\n",
       "      <td>0.554999</td>\n",
       "      <td>0.553848</td>\n",
       "      <td>0.356408</td>\n",
       "      <td>0.284977</td>\n",
       "      <td>0.105048</td>\n",
       "      <td>-0.012570</td>\n",
       "      <td>0.115941</td>\n",
       "      <td>-0.155125</td>\n",
       "      <td>-0.029634</td>\n",
       "      <td>-0.182936</td>\n",
       "      <td>0.263276</td>\n",
       "      <td>-0.666794</td>\n",
       "      <td>0.574331</td>\n",
       "      <td>NaN</td>\n",
       "      <td>NaN</td>\n",
       "      <td>0.158748</td>\n",
       "    </tr>\n",
       "    <tr>\n",
       "      <th>town</th>\n",
       "      <td>0.554999</td>\n",
       "      <td>1.000000</td>\n",
       "      <td>0.983094</td>\n",
       "      <td>0.641208</td>\n",
       "      <td>0.515306</td>\n",
       "      <td>0.230502</td>\n",
       "      <td>0.220853</td>\n",
       "      <td>0.128561</td>\n",
       "      <td>0.151391</td>\n",
       "      <td>-0.113112</td>\n",
       "      <td>0.114326</td>\n",
       "      <td>-0.231782</td>\n",
       "      <td>-0.222462</td>\n",
       "      <td>0.351468</td>\n",
       "      <td>NaN</td>\n",
       "      <td>NaN</td>\n",
       "      <td>0.285563</td>\n",
       "    </tr>\n",
       "    <tr>\n",
       "      <th>planning_area</th>\n",
       "      <td>0.553848</td>\n",
       "      <td>0.983094</td>\n",
       "      <td>1.000000</td>\n",
       "      <td>0.643517</td>\n",
       "      <td>0.518091</td>\n",
       "      <td>0.239930</td>\n",
       "      <td>0.227870</td>\n",
       "      <td>0.138400</td>\n",
       "      <td>0.148832</td>\n",
       "      <td>-0.112999</td>\n",
       "      <td>0.110611</td>\n",
       "      <td>-0.232669</td>\n",
       "      <td>-0.228222</td>\n",
       "      <td>0.350045</td>\n",
       "      <td>NaN</td>\n",
       "      <td>NaN</td>\n",
       "      <td>0.286629</td>\n",
       "    </tr>\n",
       "    <tr>\n",
       "      <th>subzone</th>\n",
       "      <td>0.356408</td>\n",
       "      <td>0.641208</td>\n",
       "      <td>0.643517</td>\n",
       "      <td>1.000000</td>\n",
       "      <td>0.766017</td>\n",
       "      <td>0.374832</td>\n",
       "      <td>0.294097</td>\n",
       "      <td>0.212310</td>\n",
       "      <td>0.277581</td>\n",
       "      <td>-0.136416</td>\n",
       "      <td>0.248947</td>\n",
       "      <td>-0.445389</td>\n",
       "      <td>-0.151437</td>\n",
       "      <td>0.223443</td>\n",
       "      <td>NaN</td>\n",
       "      <td>NaN</td>\n",
       "      <td>0.445380</td>\n",
       "    </tr>\n",
       "    <tr>\n",
       "      <th>street_name</th>\n",
       "      <td>0.284977</td>\n",
       "      <td>0.515306</td>\n",
       "      <td>0.518091</td>\n",
       "      <td>0.766017</td>\n",
       "      <td>1.000000</td>\n",
       "      <td>0.502215</td>\n",
       "      <td>0.401927</td>\n",
       "      <td>0.272185</td>\n",
       "      <td>0.366448</td>\n",
       "      <td>-0.171169</td>\n",
       "      <td>0.335334</td>\n",
       "      <td>-0.539126</td>\n",
       "      <td>-0.117476</td>\n",
       "      <td>0.178757</td>\n",
       "      <td>NaN</td>\n",
       "      <td>NaN</td>\n",
       "      <td>0.556127</td>\n",
       "    </tr>\n",
       "    <tr>\n",
       "      <th>block</th>\n",
       "      <td>0.105048</td>\n",
       "      <td>0.230502</td>\n",
       "      <td>0.239930</td>\n",
       "      <td>0.374832</td>\n",
       "      <td>0.502215</td>\n",
       "      <td>1.000000</td>\n",
       "      <td>0.362787</td>\n",
       "      <td>0.256071</td>\n",
       "      <td>0.304319</td>\n",
       "      <td>-0.197720</td>\n",
       "      <td>0.239547</td>\n",
       "      <td>-0.467355</td>\n",
       "      <td>0.003612</td>\n",
       "      <td>0.058417</td>\n",
       "      <td>NaN</td>\n",
       "      <td>NaN</td>\n",
       "      <td>0.443519</td>\n",
       "    </tr>\n",
       "    <tr>\n",
       "      <th>flat_model</th>\n",
       "      <td>-0.012570</td>\n",
       "      <td>0.220853</td>\n",
       "      <td>0.227870</td>\n",
       "      <td>0.294097</td>\n",
       "      <td>0.401927</td>\n",
       "      <td>0.362787</td>\n",
       "      <td>1.000000</td>\n",
       "      <td>0.141361</td>\n",
       "      <td>0.614043</td>\n",
       "      <td>-0.113730</td>\n",
       "      <td>0.611916</td>\n",
       "      <td>-0.378643</td>\n",
       "      <td>0.089609</td>\n",
       "      <td>0.009141</td>\n",
       "      <td>NaN</td>\n",
       "      <td>NaN</td>\n",
       "      <td>0.503881</td>\n",
       "    </tr>\n",
       "    <tr>\n",
       "      <th>storey_range</th>\n",
       "      <td>0.115941</td>\n",
       "      <td>0.128561</td>\n",
       "      <td>0.138400</td>\n",
       "      <td>0.212310</td>\n",
       "      <td>0.272185</td>\n",
       "      <td>0.256071</td>\n",
       "      <td>0.141361</td>\n",
       "      <td>1.000000</td>\n",
       "      <td>0.100032</td>\n",
       "      <td>-0.116270</td>\n",
       "      <td>0.057266</td>\n",
       "      <td>-0.194709</td>\n",
       "      <td>-0.118895</td>\n",
       "      <td>-0.039413</td>\n",
       "      <td>NaN</td>\n",
       "      <td>NaN</td>\n",
       "      <td>0.326001</td>\n",
       "    </tr>\n",
       "    <tr>\n",
       "      <th>flat_type</th>\n",
       "      <td>-0.155125</td>\n",
       "      <td>0.151391</td>\n",
       "      <td>0.148832</td>\n",
       "      <td>0.277581</td>\n",
       "      <td>0.366448</td>\n",
       "      <td>0.304319</td>\n",
       "      <td>0.614043</td>\n",
       "      <td>0.100032</td>\n",
       "      <td>1.000000</td>\n",
       "      <td>-0.053806</td>\n",
       "      <td>0.949901</td>\n",
       "      <td>-0.478643</td>\n",
       "      <td>0.243500</td>\n",
       "      <td>0.001529</td>\n",
       "      <td>NaN</td>\n",
       "      <td>NaN</td>\n",
       "      <td>0.597318</td>\n",
       "    </tr>\n",
       "    <tr>\n",
       "      <th>month</th>\n",
       "      <td>-0.029634</td>\n",
       "      <td>-0.113112</td>\n",
       "      <td>-0.112999</td>\n",
       "      <td>-0.136416</td>\n",
       "      <td>-0.171169</td>\n",
       "      <td>-0.197720</td>\n",
       "      <td>-0.113730</td>\n",
       "      <td>-0.116270</td>\n",
       "      <td>-0.053806</td>\n",
       "      <td>1.000000</td>\n",
       "      <td>-0.010105</td>\n",
       "      <td>0.228743</td>\n",
       "      <td>-0.033380</td>\n",
       "      <td>-0.016043</td>\n",
       "      <td>NaN</td>\n",
       "      <td>NaN</td>\n",
       "      <td>-0.579103</td>\n",
       "    </tr>\n",
       "    <tr>\n",
       "      <th>floor_area_sqm</th>\n",
       "      <td>-0.182936</td>\n",
       "      <td>0.114326</td>\n",
       "      <td>0.110611</td>\n",
       "      <td>0.248947</td>\n",
       "      <td>0.335334</td>\n",
       "      <td>0.239547</td>\n",
       "      <td>0.611916</td>\n",
       "      <td>0.057266</td>\n",
       "      <td>0.949901</td>\n",
       "      <td>-0.010105</td>\n",
       "      <td>1.000000</td>\n",
       "      <td>-0.443134</td>\n",
       "      <td>0.247825</td>\n",
       "      <td>-0.003818</td>\n",
       "      <td>NaN</td>\n",
       "      <td>NaN</td>\n",
       "      <td>0.570385</td>\n",
       "    </tr>\n",
       "    <tr>\n",
       "      <th>lease_commence_date</th>\n",
       "      <td>0.263276</td>\n",
       "      <td>-0.231782</td>\n",
       "      <td>-0.232669</td>\n",
       "      <td>-0.445389</td>\n",
       "      <td>-0.539126</td>\n",
       "      <td>-0.467355</td>\n",
       "      <td>-0.378643</td>\n",
       "      <td>-0.194709</td>\n",
       "      <td>-0.478643</td>\n",
       "      <td>0.228743</td>\n",
       "      <td>-0.443134</td>\n",
       "      <td>1.000000</td>\n",
       "      <td>-0.430553</td>\n",
       "      <td>0.060939</td>\n",
       "      <td>NaN</td>\n",
       "      <td>NaN</td>\n",
       "      <td>-0.423578</td>\n",
       "    </tr>\n",
       "    <tr>\n",
       "      <th>latitude</th>\n",
       "      <td>-0.666794</td>\n",
       "      <td>-0.222462</td>\n",
       "      <td>-0.228222</td>\n",
       "      <td>-0.151437</td>\n",
       "      <td>-0.117476</td>\n",
       "      <td>0.003612</td>\n",
       "      <td>0.089609</td>\n",
       "      <td>-0.118895</td>\n",
       "      <td>0.243500</td>\n",
       "      <td>-0.033380</td>\n",
       "      <td>0.247825</td>\n",
       "      <td>-0.430553</td>\n",
       "      <td>1.000000</td>\n",
       "      <td>-0.075728</td>\n",
       "      <td>NaN</td>\n",
       "      <td>NaN</td>\n",
       "      <td>-0.065915</td>\n",
       "    </tr>\n",
       "    <tr>\n",
       "      <th>longitude</th>\n",
       "      <td>0.574331</td>\n",
       "      <td>0.351468</td>\n",
       "      <td>0.350045</td>\n",
       "      <td>0.223443</td>\n",
       "      <td>0.178757</td>\n",
       "      <td>0.058417</td>\n",
       "      <td>0.009141</td>\n",
       "      <td>-0.039413</td>\n",
       "      <td>0.001529</td>\n",
       "      <td>-0.016043</td>\n",
       "      <td>-0.003818</td>\n",
       "      <td>0.060939</td>\n",
       "      <td>-0.075728</td>\n",
       "      <td>1.000000</td>\n",
       "      <td>NaN</td>\n",
       "      <td>NaN</td>\n",
       "      <td>0.099786</td>\n",
       "    </tr>\n",
       "    <tr>\n",
       "      <th>eco_category</th>\n",
       "      <td>NaN</td>\n",
       "      <td>NaN</td>\n",
       "      <td>NaN</td>\n",
       "      <td>NaN</td>\n",
       "      <td>NaN</td>\n",
       "      <td>NaN</td>\n",
       "      <td>NaN</td>\n",
       "      <td>NaN</td>\n",
       "      <td>NaN</td>\n",
       "      <td>NaN</td>\n",
       "      <td>NaN</td>\n",
       "      <td>NaN</td>\n",
       "      <td>NaN</td>\n",
       "      <td>NaN</td>\n",
       "      <td>NaN</td>\n",
       "      <td>NaN</td>\n",
       "      <td>NaN</td>\n",
       "    </tr>\n",
       "    <tr>\n",
       "      <th>elevation</th>\n",
       "      <td>NaN</td>\n",
       "      <td>NaN</td>\n",
       "      <td>NaN</td>\n",
       "      <td>NaN</td>\n",
       "      <td>NaN</td>\n",
       "      <td>NaN</td>\n",
       "      <td>NaN</td>\n",
       "      <td>NaN</td>\n",
       "      <td>NaN</td>\n",
       "      <td>NaN</td>\n",
       "      <td>NaN</td>\n",
       "      <td>NaN</td>\n",
       "      <td>NaN</td>\n",
       "      <td>NaN</td>\n",
       "      <td>NaN</td>\n",
       "      <td>NaN</td>\n",
       "      <td>NaN</td>\n",
       "    </tr>\n",
       "    <tr>\n",
       "      <th>resale_price</th>\n",
       "      <td>0.158748</td>\n",
       "      <td>0.285563</td>\n",
       "      <td>0.286629</td>\n",
       "      <td>0.445380</td>\n",
       "      <td>0.556127</td>\n",
       "      <td>0.443519</td>\n",
       "      <td>0.503881</td>\n",
       "      <td>0.326001</td>\n",
       "      <td>0.597318</td>\n",
       "      <td>-0.579103</td>\n",
       "      <td>0.570385</td>\n",
       "      <td>-0.423578</td>\n",
       "      <td>-0.065915</td>\n",
       "      <td>0.099786</td>\n",
       "      <td>NaN</td>\n",
       "      <td>NaN</td>\n",
       "      <td>1.000000</td>\n",
       "    </tr>\n",
       "  </tbody>\n",
       "</table>\n",
       "</div>"
      ],
      "text/plain": [
       "                       region      town  planning_area   subzone  street_name  \\\n",
       "region               1.000000  0.554999       0.553848  0.356408     0.284977   \n",
       "town                 0.554999  1.000000       0.983094  0.641208     0.515306   \n",
       "planning_area        0.553848  0.983094       1.000000  0.643517     0.518091   \n",
       "subzone              0.356408  0.641208       0.643517  1.000000     0.766017   \n",
       "street_name          0.284977  0.515306       0.518091  0.766017     1.000000   \n",
       "block                0.105048  0.230502       0.239930  0.374832     0.502215   \n",
       "flat_model          -0.012570  0.220853       0.227870  0.294097     0.401927   \n",
       "storey_range         0.115941  0.128561       0.138400  0.212310     0.272185   \n",
       "flat_type           -0.155125  0.151391       0.148832  0.277581     0.366448   \n",
       "month               -0.029634 -0.113112      -0.112999 -0.136416    -0.171169   \n",
       "floor_area_sqm      -0.182936  0.114326       0.110611  0.248947     0.335334   \n",
       "lease_commence_date  0.263276 -0.231782      -0.232669 -0.445389    -0.539126   \n",
       "latitude            -0.666794 -0.222462      -0.228222 -0.151437    -0.117476   \n",
       "longitude            0.574331  0.351468       0.350045  0.223443     0.178757   \n",
       "eco_category              NaN       NaN            NaN       NaN          NaN   \n",
       "elevation                 NaN       NaN            NaN       NaN          NaN   \n",
       "resale_price         0.158748  0.285563       0.286629  0.445380     0.556127   \n",
       "\n",
       "                        block  flat_model  storey_range  flat_type     month  \\\n",
       "region               0.105048   -0.012570      0.115941  -0.155125 -0.029634   \n",
       "town                 0.230502    0.220853      0.128561   0.151391 -0.113112   \n",
       "planning_area        0.239930    0.227870      0.138400   0.148832 -0.112999   \n",
       "subzone              0.374832    0.294097      0.212310   0.277581 -0.136416   \n",
       "street_name          0.502215    0.401927      0.272185   0.366448 -0.171169   \n",
       "block                1.000000    0.362787      0.256071   0.304319 -0.197720   \n",
       "flat_model           0.362787    1.000000      0.141361   0.614043 -0.113730   \n",
       "storey_range         0.256071    0.141361      1.000000   0.100032 -0.116270   \n",
       "flat_type            0.304319    0.614043      0.100032   1.000000 -0.053806   \n",
       "month               -0.197720   -0.113730     -0.116270  -0.053806  1.000000   \n",
       "floor_area_sqm       0.239547    0.611916      0.057266   0.949901 -0.010105   \n",
       "lease_commence_date -0.467355   -0.378643     -0.194709  -0.478643  0.228743   \n",
       "latitude             0.003612    0.089609     -0.118895   0.243500 -0.033380   \n",
       "longitude            0.058417    0.009141     -0.039413   0.001529 -0.016043   \n",
       "eco_category              NaN         NaN           NaN        NaN       NaN   \n",
       "elevation                 NaN         NaN           NaN        NaN       NaN   \n",
       "resale_price         0.443519    0.503881      0.326001   0.597318 -0.579103   \n",
       "\n",
       "                     floor_area_sqm  lease_commence_date  latitude  longitude  \\\n",
       "region                    -0.182936             0.263276 -0.666794   0.574331   \n",
       "town                       0.114326            -0.231782 -0.222462   0.351468   \n",
       "planning_area              0.110611            -0.232669 -0.228222   0.350045   \n",
       "subzone                    0.248947            -0.445389 -0.151437   0.223443   \n",
       "street_name                0.335334            -0.539126 -0.117476   0.178757   \n",
       "block                      0.239547            -0.467355  0.003612   0.058417   \n",
       "flat_model                 0.611916            -0.378643  0.089609   0.009141   \n",
       "storey_range               0.057266            -0.194709 -0.118895  -0.039413   \n",
       "flat_type                  0.949901            -0.478643  0.243500   0.001529   \n",
       "month                     -0.010105             0.228743 -0.033380  -0.016043   \n",
       "floor_area_sqm             1.000000            -0.443134  0.247825  -0.003818   \n",
       "lease_commence_date       -0.443134             1.000000 -0.430553   0.060939   \n",
       "latitude                   0.247825            -0.430553  1.000000  -0.075728   \n",
       "longitude                 -0.003818             0.060939 -0.075728   1.000000   \n",
       "eco_category                    NaN                  NaN       NaN        NaN   \n",
       "elevation                       NaN                  NaN       NaN        NaN   \n",
       "resale_price               0.570385            -0.423578 -0.065915   0.099786   \n",
       "\n",
       "                     eco_category  elevation  resale_price  \n",
       "region                        NaN        NaN      0.158748  \n",
       "town                          NaN        NaN      0.285563  \n",
       "planning_area                 NaN        NaN      0.286629  \n",
       "subzone                       NaN        NaN      0.445380  \n",
       "street_name                   NaN        NaN      0.556127  \n",
       "block                         NaN        NaN      0.443519  \n",
       "flat_model                    NaN        NaN      0.503881  \n",
       "storey_range                  NaN        NaN      0.326001  \n",
       "flat_type                     NaN        NaN      0.597318  \n",
       "month                         NaN        NaN     -0.579103  \n",
       "floor_area_sqm                NaN        NaN      0.570385  \n",
       "lease_commence_date           NaN        NaN     -0.423578  \n",
       "latitude                      NaN        NaN     -0.065915  \n",
       "longitude                     NaN        NaN      0.099786  \n",
       "eco_category                  NaN        NaN           NaN  \n",
       "elevation                     NaN        NaN           NaN  \n",
       "resale_price                  NaN        NaN      1.000000  "
      ]
     },
     "execution_count": 9,
     "metadata": {},
     "output_type": "execute_result"
    }
   ],
   "source": [
    "train_all.corr()"
   ]
  },
  {
   "cell_type": "code",
   "execution_count": 11,
   "id": "402bdbe2-1f79-40fc-aa2c-5a0264109fa9",
   "metadata": {},
   "outputs": [
    {
     "data": {
